
*OCOLLECTORS.REP PRINTED 11-16-2022
                                                                      REPORT OF THE COLLECTOR OF REVENUE
                                                                     PERIOD COVERING 7-1-2021 TO 6-30-2022
 
                       _ASSESSORS CORRECTIONS_             _______SUSPENSE______     ADJ TAX     ADVANCE        CASH* RECEIVABLE    __________________PAID__________________
LIST YR     RECEIVABLE   ADDITIONS  DEDUCTIONS     REFUNDS       FROM         TO  RECEIVABLE              COLLECTION    6-30-2022   INTEREST       LIEN      FEES      TOTAL
 
CURR LEVY  89022910.72    78249.97  -697699.29  -162353.92        .00        .00 88565815.32  6575393.12 81594279.28   396142.92   158665.65      72.00    444.00  159181.65
SUPPLE RE          .00    54725.40         .00         .00        .00        .00    54725.40         .00    54725.40         .00      878.05        .00       .00     878.05
SUPPLE MV   1069105.69     5739.39   -18977.01    -4341.39        .00        .00  1060209.46         .00  1004674.18    55535.28     5232.11        .00       .00    5232.11
----------------------------------------------------------------------------------------------------------------------------------------------------------------------------
CURRENT    90092016.41   138714.76  -716676.30  -166695.31        .00        .00 89680750.18  6575393.12 82653678.86   451678.20   164775.81      72.00    444.00  165291.81
 
 * CURR LEVY CASH RECEIVED: 88,169,672.40                                                                                                                              .9950
----------------------------------------------------------------------------------------------------------------------------------------------------------------------------
   2019      421538.91     2026.30   -57621.37   -55582.07        .00    6115.42   415410.49         .00   226014.39   189396.10    42479.42     648.00    156.00   43283.42
   2018      199957.97      671.29     -725.61     -154.96        .00    5291.55   194767.06         .00    62474.58   132292.48    22993.47     168.00     36.00   23197.47
   2017      137063.17       84.96         .00         .00     194.68    1761.81   135581.00         .00    63332.40    72248.60    33408.90     168.00       .00   33576.90
   2016       76364.81         .00         .00         .00        .00    1461.34    74903.47         .00    28551.96    46351.51    25201.90     144.00       .00   25345.90
   2015       34528.28         .00         .00         .00        .00        .00    34528.28         .00    11747.04    22781.24     3964.95      48.00       .00    4012.95
   2014       15981.71         .00         .00         .00     734.40        .00    16716.11         .00      734.40    15981.71      837.22        .00       .00     837.22
   2013       15027.86         .00         .00         .00     542.33        .00    15570.19         .00     1397.75    14172.44     2107.43        .00       .00    2107.43
   2012       11749.00         .00     -355.06         .00     355.06        .00    11749.00         .00         .00    11749.00         .00        .00       .00        .00
   2011        8724.54         .00         .00         .00        .00        .00     8724.54         .00         .00     8724.54         .00        .00       .00        .00
   2010        1123.04         .00         .00         .00        .00        .00     1123.04         .00         .00     1123.04         .00        .00       .00        .00
   2009        1096.14         .00         .00         .00        .00        .00     1096.14         .00         .00     1096.14         .00        .00       .00        .00
   2008        1049.95         .00         .00         .00        .00        .00     1049.95         .00         .00     1049.95         .00        .00       .00        .00
   2007         870.73         .00         .00         .00        .00        .00      870.73         .00         .00      870.73         .00        .00       .00        .00
   2006         838.55         .00         .00         .00     221.77        .00     1060.32         .00      221.77      838.55      582.15        .00       .00     582.15
   2005         340.69         .00         .00         .00        .00        .00      340.69         .00         .00      340.69         .00        .00       .00        .00
   2004         331.24         .00         .00         .00        .00        .00      331.24         .00         .00      331.24         .00        .00       .00        .00
----------------------------------------------------------------------------------------------------------------------------------------------------------------------------
PRIOR        926586.59     2782.55   -58702.04   -55737.03    2048.24   14630.12   913822.25         .00   394474.29   519347.96   131575.44    1176.00    192.00  132943.44
 
                                                                                                                                                                       .4317
----------------------------------------------------------------------------------------------------------------------------------------------------------------------------
----------------------------------------------------------------------------------------------------------------------------------------------------------------------------
GRAND TOT  91018603.00   141497.31  -775378.34  -222432.34    2048.24   14630.12 90594572.43  6575393.12 83048153.15   971026.16   296351.25    1248.00    636.00  298235.25
 
                                                                                                                                                                       .9893
----------------------------------------------------------------------------------------------------------------------------------------------------------------------------

