
*COLLECTORS.REP PRINTED 11-16-2022
                                                                      REPORT OF THE COLLECTOR OF REVENUE
                                                                    PERIOD COVERING 7-1-2022 TO 11-15-2022
 
                       _ASSESSORS CORRECTIONS_             _______SUSPENSE______     ADJ TAX     ADVANCE        CASH* RECEIVABLE    __________________PAID__________________
LIST YR     RECEIVABLE   ADDITIONS  DEDUCTIONS     REFUNDS       FROM         TO  RECEIVABLE              COLLECTION    11-15-2022  INTEREST       LIEN      FEES      TOTAL
 
CURR LEVY  91817901.87    71547.16  -698555.45         .00        .00        .00 91190893.58  2244771.88 50724525.22 38221596.48    77901.89        .00   -140.00   77761.89
SUPPLE RE          .00    18920.93         .00         .00        .00        .00    18920.93         .00    12934.82     5986.11      106.82        .00       .00     106.82
----------------------------------------------------------------------------------------------------------------------------------------------------------------------------
CURRENT    91817901.87    90468.09  -698555.45         .00        .00        .00 91209814.51  2244771.88 50737460.04 38227582.59    78008.71        .00   -140.00   77868.71
 
 * CURR LEVY CASH RECEIVED: 52,969,297.10                                                                                                                              .5809
----------------------------------------------------------------------------------------------------------------------------------------------------------------------------
   2020      451678.20      853.23   -10012.51         .00        .00        .00   442518.92         .00   127289.00   315229.92    17734.76     552.00    -20.00   18266.76
   2019      189396.10      440.20         .00         .00        .00        .00   189836.30         .00    36682.41   153153.89    12504.12     120.00       .00   12624.12
   2018      132292.48      518.50         .00         .00     375.39        .00   133186.37         .00    25834.20   107352.17    15061.46      48.00       .00   15109.46
   2017       72248.60         .00         .00         .00     150.48        .00    72399.08         .00     2960.83    69438.25     2333.78      24.00      6.00    2363.78
   2016       46351.51         .00     -256.04         .00     256.04        .00    46351.51         .00     2197.05    44154.46     4356.54      72.00       .00    4428.54
   2015       22781.24         .00         .00         .00        .00        .00    22781.24         .00         .00    22781.24         .00        .00       .00        .00
   2014       15981.71         .00         .00         .00        .00        .00    15981.71         .00         .00    15981.71      496.48        .00       .00     496.48
   2013       14172.44         .00         .00         .00        .00        .00    14172.44         .00     1793.63    12378.81      161.89      48.00       .00     209.89
   2012       11749.00         .00         .00         .00        .00        .00    11749.00         .00         .00    11749.00         .00        .00       .00        .00
   2011        8724.54         .00         .00         .00        .00        .00     8724.54         .00         .00     8724.54         .00        .00       .00        .00
   2010        1123.04         .00         .00         .00        .00        .00     1123.04         .00         .00     1123.04         .00        .00       .00        .00
   2009        1096.14         .00         .00         .00        .00        .00     1096.14         .00         .00     1096.14         .00        .00       .00        .00
   2008        1049.95         .00         .00         .00        .00        .00     1049.95         .00         .00     1049.95         .00        .00       .00        .00
   2007         870.73         .00         .00         .00        .00        .00      870.73         .00         .00      870.73         .00        .00       .00        .00
----------------------------------------------------------------------------------------------------------------------------------------------------------------------------
PRIOR        969515.68     1811.93   -10268.55         .00     781.91        .00   961840.97         .00   196757.12   765083.85    52649.03     864.00    -14.00   53499.03
 
                                                                                                                                                                       .2046
----------------------------------------------------------------------------------------------------------------------------------------------------------------------------
----------------------------------------------------------------------------------------------------------------------------------------------------------------------------
GRAND TOT  92787417.55    92280.02  -708824.00         .00     781.91        .00 92171655.48  2244771.88 50934217.16 38992666.44   130657.74     864.00   -154.00  131367.74
 
                                                                                                                                                                       .5770
----------------------------------------------------------------------------------------------------------------------------------------------------------------------------

