
*COLLECTORS.REP PRINTED 02-15-2023
                                                                      REPORT OF THE COLLECTOR OF REVENUE
                                                                     PERIOD COVERING 7-1-2022 TO 2-15-2023
 
                       _ASSESSORS CORRECTIONS_             _______SUSPENSE______     ADJ TAX     ADVANCE        CASH* RECEIVABLE    __________________PAID__________________
LIST YR     RECEIVABLE   ADDITIONS  DEDUCTIONS     REFUNDS       FROM         TO  RECEIVABLE              COLLECTION    2-15-2023   INTEREST       LIEN      FEES      TOTAL
 
CURR LEVY  91817901.87    79163.06  -709196.45   -30950.17        .00        .00 91218818.65  2244771.88 86800446.17  2173600.60   103084.85        .00   -120.00  102964.85
SUPPLE RE          .00    18920.93         .00         .00        .00        .00    18920.93         .00    15042.82     3878.11      106.82        .00       .00     106.82
SUPPLE MV   1012791.16    21373.03    -8708.98         .00        .00        .00  1025455.21         .00   834522.85   190932.36      595.46        .00    -20.00     575.46
----------------------------------------------------------------------------------------------------------------------------------------------------------------------------
CURRENT    92830693.03   119457.02  -717905.43   -30950.17        .00        .00 92263194.79  2244771.88 87650011.84  2368411.07   103787.13        .00   -140.00  103647.13
 
 * CURR LEVY CASH RECEIVED: 89,045,218.05                                                                                                                              .9743
----------------------------------------------------------------------------------------------------------------------------------------------------------------------------
   2020      451678.20      853.23   -10796.95     -983.88        .00        .00   442718.36         .00   145762.88   296955.48    23269.89     624.00    -20.00   23873.89
   2019      189396.10      440.20         .00         .00        .00        .00   189836.30         .00    45473.37   144362.93    13609.74     144.00       .00   13753.74
   2018      132292.48      518.50         .00         .00     375.39        .00   133186.37         .00    30231.83   102954.54    16436.88      48.00       .00   16484.88
   2017       72248.60         .00         .00         .00     150.48        .00    72399.08         .00     6387.96    66011.12     3183.99      24.00      6.00    3213.99
   2016       46351.51         .00     -256.04         .00     256.04        .00    46351.51         .00     2197.05    44154.46     6693.73      72.00       .00    6765.73
   2015       22781.24         .00         .00         .00        .00        .00    22781.24         .00      254.76    22526.48      305.71        .00       .00     305.71
   2014       15981.71         .00         .00         .00        .00        .00    15981.71         .00      542.33    15439.38     3222.34      24.00       .00    3246.34
   2013       14172.44         .00         .00         .00        .00        .00    14172.44         .00     1793.63    12378.81      161.89      24.00       .00     185.89
   2012       11749.00         .00         .00         .00        .00        .00    11749.00         .00         .00    11749.00         .00        .00       .00        .00
   2011        8724.54         .00         .00         .00        .00        .00     8724.54         .00         .00     8724.54         .00        .00       .00        .00
   2010        1123.04         .00         .00         .00        .00        .00     1123.04         .00         .00     1123.04         .00        .00       .00        .00
   2009        1096.14         .00         .00         .00        .00        .00     1096.14         .00         .00     1096.14         .00        .00       .00        .00
   2008        1049.95         .00         .00         .00        .00        .00     1049.95         .00         .00     1049.95         .00        .00       .00        .00
   2007         870.73         .00         .00         .00        .00        .00      870.73         .00         .00      870.73         .00        .00       .00        .00
----------------------------------------------------------------------------------------------------------------------------------------------------------------------------
PRIOR        969515.68     1811.93   -11052.99     -983.88     781.91        .00   962040.41         .00   232643.81   729396.60    66884.17     960.00    -14.00   67830.17
 
                                                                                                                                                                       .2418
----------------------------------------------------------------------------------------------------------------------------------------------------------------------------
----------------------------------------------------------------------------------------------------------------------------------------------------------------------------
GRAND TOT  93800208.71   121268.95  -728958.42   -31934.05     781.91        .00 93225235.20  2244771.88 87882655.65  3097807.67   170671.30     960.00   -154.00  171477.30
 
                                                                                                                                                                       .9668
----------------------------------------------------------------------------------------------------------------------------------------------------------------------------

