
*SEW_COLLECTIONS.REP PRINTED 11-16-2022
                                                               REPORT OF THE COLLECTOR OF REVENUE - SEWER USE
                                                                   PERIOD COVERING 7-1-2022 TO 11-15-2022
 
                                 _ASSESSORS CORRECTIONS_                 ADJ TAX     ADVANCE        CASH  RECEIVABLE    _____________PAID_____________
                      RECEIVABLE   ADDITIONS  DEDUCTIONS     REFUNDS  RECEIVABLE              COLLECTION                INTEREST       LIEN       FEES   %
 
2022  APR USE          135008.94     1015.00    -1272.50         .00   134751.44         .00    26018.24   108733.20     1830.58        .00        .00 19.30
2022  JUL USE          439997.46         .00         .00         .00   439997.46         .00   395167.54    44829.92     2100.60        .00        .00 89.81
2022  OCT USE          863446.78     1015.00    -1272.50         .00   863189.28         .00   502486.17   360703.11      863.09        .00        .00 58.21
                      1438453.18     2030.00    -2545.00         .00  1437938.18         .00   923671.95   514266.23     4794.27        .00        .00
 
2021  APR USE            6129.35         .00         .00         .00     6129.35         .00     1565.44     4563.91      262.30        .00        .00 25.54
2021  JUL USE              24.97         .00         .00         .00       24.97         .00       24.97         .00        3.87        .00        .00 100.0
2021  OCT USE           11578.23         .00         .00         .00    11578.23         .00     1420.86    10157.37      323.86        .00        .00 12.27
                        17732.55         .00         .00         .00    17732.55         .00     3011.27    14721.28      590.03        .00        .00
 
2020  APR USE            2535.78         .00         .00         .00     2535.78         .00         .00     2535.78         .00        .00        .00 .0000
2020  OCT USE            3982.57         .00         .00         .00     3982.57         .00      265.00     3717.57      182.86        .00        .00 6.654
                         6518.35         .00         .00         .00     6518.35         .00      265.00     6253.35      182.86        .00        .00
 
2019  JUL USE            3155.33         .00         .00         .00     3155.33         .00         .00     3155.33         .00        .00        .00 .0000
2018  JUL USE             500.00         .00         .00         .00      500.00         .00         .00      500.00         .00        .00        .00 .0000
                     ----------------------------------------------------------------------------------------------------------------------------------
                      1466359.41     2030.00    -2545.00         .00  1465844.41         .00   926948.22   538896.19     5567.16        .00        .00
 
 
          OLD FARMS      6000.00         .00         .00         .00     6000.00         .00         .00     6000.00         .00        .00        .00 .0000
          VERVILLE      11268.29         .00         .00         .00    11268.29         .00         .00    11268.29         .00        .00        .00 .0000
          DEEPWOOD      21423.31         .00         .00         .00    21423.31         .00         .00    21423.31         .00        .00        .00 .0000
          SCHOOL STR    85114.93         .00         .00         .00    85114.93         .00     6745.14    78369.79     1973.15        .00        .00 7.925
          WINDING LN   352512.49         .00         .00         .00   352512.49         .00    10614.40   341898.09      242.60      24.00        .00 3.011
                       476319.02         .00         .00         .00   476319.02         .00    17359.54   458959.48     2215.75      24.00        .00
 
                     ----------------------------------------------------------------------------------------------------------------------------------
                       476319.02         .00         .00         .00   476319.02         .00    17359.54   458959.48     2215.75      24.00        .00
 
 
-------------------------------------------------------------------------------------------------------------------------------------------------------
          GRAND TOT   1942678.43     2030.00    -2545.00         .00  1942163.43         .00   944307.76   997855.67     7782.91      24.00        .00
-------------------------------------------------------------------------------------------------------------------------------------------------------

